dimwishlist:item=1050806815&perks=1482024992,1885400500,776531651,2048641572
dimwishlist:item=2372514509&perks=839105230,1885400500,776531651,2048641572
dimwishlist:item=2372514509&perks=839105230,1885400500,2387244414,460017080
dimwishlist:item=3612338554&perks=3661387068,106909392,1523832109,469285294
dimwishlist:item=3612338554&perks=3661387068,106909392,1556840489,469285294
dimwishlist:item=3612338554&perks=3661387068,106909392,2866798147,2551157718
dimwishlist:item=243425374&perks=3666208348,269888150,1749209109,3913600130
dimwishlist:item=243425374&perks=3666208348,269888150,1546637391,3708227201
dimwishlist:item=243425374&perks=3666208348,269888150,1749209109,31345821
dimwishlist:item=243425374&perks=3666208348,269888150,2396489472,2048641572
dimwishlist:item=1050806815&perks=3250034553,1885400500,1866048759,3081867624
dimwishlist:item=1050806815&perks=1482024992,1885400500,1866048759,3081867624
dimwishlist:item=1050806815&perks=1482024992,1885400500,1359896290,3081867624
dimwishlist:item=1050806815&perks=1482024992,1885400500,4071163871,3081867624
dimwishlist:item=1050806815&perks=1482024992,1885400500,1359896290,1890422124
dimwishlist:item=2372514509&perks=1840239774,1885400500,3619207468,460017080
dimwishlist:item=2372514509&perks=839105230,1885400500,3619207468,460017080
dimwishlist:item=2372514509&perks=1482024992,1885400500,3619207468,460017080
dimwishlist:item=2372514509&perks=839105230,1885400500,2387244414,460017080
dimwishlist:item=1453235079&perks=1482024992,106909392,3891536761,2109543898
dimwishlist:item=1453235079&perks=1482024992,106909392,3891536761,4049631843
dimwishlist:item=1453235079&perks=1482024992,106909392,3418782618,555281244
dimwishlist:item=1453235079&perks=1482024992,106909392,247725512,2109543898
dimwishlist:item=1050806815&perks=1482024992,1885400500,4071163871,2109543898
dimwishlist:item=1050806815&perks=1482024992,1885400500,1820235745,2109543898
dimwishlist:item=568611923&perks=981914802,3301904089,968510818,3078487919
dimwishlist:item=568611923&perks=981914802,3301904089,3751912585,3078487919
dimwishlist:item=568611923&perks=981914802,1380253176,2396489472,2048641572
dimwishlist:item=243425374&perks=3666208348,269888150,1546637391,3078487919
dimwishlist:item=243425374&perks=3666208348,269888150,1546637391,3913600130
dimwishlist:item=243425374&perks=3666208348,269888150,4104185692,3913600130
dimwishlist:item=243425374&perks=3666208348,269888150,4104185692,3078487919
dimwishlist:item=243425374&perks=3666208348,269888150,4104185692,3708227201
dimwishlist:item=243425374&perks=3666208348,269888150,4104185692,31345821
dimwishlist:item=568611922&perks=3798852852,3301904089,3300816228,469285294
